// Gerado com: $ opreport --merge tgid --details --exclude-dependent

CPU: Intel Sandy Bridge microarchitecture, speed 2200 MHz (estimated)
Counted CPU_CLK_UNHALTED events (Clock cycles when not halted) with a unit mask of 0x00 (No unit mask) count 90000
Samples on CPU 0
Samples on CPU 1
Samples on CPU 2
Samples on CPU 3
vma      samples  %        samples  %        samples  %        samples  %        symbol name
004020a4 90803    54.0137  88451    54.9515  103680   58.3344  103229   56.9873  wallis_serie
  00402101 1183      1.3028  1018      1.1509  1213      1.1699  1113      1.0782
  00402106 1         0.0011  0              0  2         0.0019  1        9.7e-04
  00402112 350       0.3854  455       0.5144  312       0.3009  346       0.3352
  00402117 49007    53.9707  47618    53.8355  58758    56.6725  58878    57.0363
  0040211b 710       0.7819  573       0.6478  705       0.6800  652       0.6316
  00402120 6831      7.5229  6627      7.4923  7271      7.0129  7086      6.8644
  00402125 5         0.0055  9         0.0102  3         0.0029  5         0.0048
  0040212d 0              0  1         0.0011  1        9.6e-04  0              0
  00402136 20414    22.4816  20039    22.6555  22316    21.5239  22271    21.5744
  0040213a 6452      7.1055  6313      7.1373  6887      6.6426  6757      6.5456
  0040213f 1088      1.1982  1001      1.1317  1187      1.1449  1211      1.1731
  00402144 2         0.0022  0              0  2         0.0019  1        9.7e-04
  00402150 357       0.3932  455       0.5144  317       0.3057  361       0.3497
  00402155 1104      1.2158  954       1.0786  1208      1.1651  1167      1.1305
  00402159 0              0  2         0.0023  0              0  1        9.7e-04
  0040215c 2         0.0022  1         0.0011  0              0  1        9.7e-04
  0040215f 330       0.3634  454       0.5133  336       0.3241  371       0.3594
  00402161 1147      1.2632  1019      1.1521  1263      1.2182  1168      1.1315
  00402166 2         0.0022  3         0.0034  1        9.6e-04  1        9.7e-04
  0040216a 0              0  1         0.0011  0              0  0              0
  0040216f 1463      1.6112  1471      1.6631  1552      1.4969  1505      1.4579
  0040218a 1         0.0011  3         0.0034  1        9.6e-04  3         0.0029
  0040218f 354       0.3899  434       0.4907  345       0.3328  330       0.3197
004021c3 77308    45.9863  72511    45.0485  74054    41.6656  77915    43.0127  leibniz_serie
  00402219 791       1.0232  660       0.9102  716       0.9669  844       1.0832
  0040221e 2         0.0026  1         0.0014  1         0.0014  0              0
  00402222 1         0.0013  2         0.0028  1         0.0014  2         0.0026
  0040222a 3034      3.9246  2957      4.0780  2954      3.9890  2947      3.7823
  0040222f 276       0.3570  136       0.1876  220       0.2971  238       0.3055
  00402233 143       0.1850  139       0.1917  123       0.1661  148       0.1900
  00402238 2169      2.8057  2067      2.8506  2139      2.8884  2189      2.8095
  0040223c 2292      2.9648  1985      2.7375  2109      2.8479  2168      2.7825
  00402244 82        0.1061  66        0.0910  63        0.0851  80        0.1027
  00402248 875       1.1318  616       0.8495  814       1.0992  847       1.0871
  0040224c 42327    54.7511  39914    55.0454  40219    54.3104  42839    54.9817
  00402250 210       0.2716  123       0.1696  131       0.1769  200       0.2567
  00402255 1         0.0013  2         0.0028  5         0.0068  2         0.0026
  00402259 9793     12.6675  9592     13.2283  9645     13.0243  10000    12.8345
  0040225e 792       1.0245  739       1.0192  717       0.9682  837       1.0742
  00402263 9         0.0116  10        0.0138  0              0  21        0.0270
  0040226b 0              0  1         0.0014  0              0  1         0.0013
  0040226f 3120      4.0358  3016      4.1594  3080      4.1591  3039      3.9004
  00402274 768       0.9934  714       0.9847  684       0.9237  814       1.0447
  00402278 6         0.0078  9         0.0124  2         0.0027  34        0.0436
  0040227b 13        0.0168  8         0.0110  4         0.0054  7         0.0090
  0040227d 3120      4.0358  2925      4.0339  3113      4.2037  3035      3.8953
  00402280 751       0.9714  694       0.9571  721       0.9736  811       1.0409
  00402282 46        0.0595  19        0.0262  17        0.0230  60        0.0770
  00402286 1         0.0013  0              0  0              0  1         0.0013
  0040228b 3772      4.8792  3377      4.6572  3657      4.9383  3744      4.8052
  004022a6 33        0.0427  23        0.0317  12        0.0162  51        0.0655
  004022ab 2881      3.7267  2716      3.7456  2907      3.9255  2956      3.7939
